1632101831271 0.17751693725585938 49
1632101831979 0.19396354258060455 99
1632101832636 0.1760977953672409 149
1632101835168 0.17417320609092712 199
1632101835761 0.21247626841068268 249
1632101836402 0.18757638335227966 299
1632101838875 0.17238576710224152 349
1632101839523 0.15997299551963806 399
1632101840221 0.21274274587631226 449
1632101840843 0.14358122646808624 499
1632101843344 0.17366868257522583 549
1632101843989 0.16115468740463257 599
1632101844641 0.15199805796146393 649
1632101847146 0.13812899589538574 699
1632101847762 0.1648818552494049 749
1632101848398 0.1550380140542984 799
1632101849038 0.17869171500205994 849
1632101851545 0.1816486120223999 899
1632101852110 0.17657390236854553 949
1632101852750 0.1470460444688797 999
1632101855347 0.16081708669662476 1049
1632101856018 0.1747587025165558 1099
1632101856633 0.16203533113002777 1149
1632101857260 0.16934379935264587 1199
1632101859830 0.17187142372131348 1249
1632101860484 0.15992316603660583 1299
1632101861107 0.14153486490249634 1349
1632101863673 0.1725437045097351 1399
1632101864352 0.19089163839817047 1449
1632101864970 0.13234193623065948 1499
1632101865583 0.15499207377433777 1549
1632101868001 0.16754916310310364 1599
1632101868692 0.1711999773979187 1649
1632101869367 0.16588571667671204 1699
1632101872546 0.1905815303325653 1749
1632101873328 0.15396836400032043 1799
1632101873970 0.17741850018501282 1849
1632101874605 0.14394636452198029 1899
1632101877084 0.1703522503376007 1949
1632101877664 0.1589064598083496 1999
1632101878286 0.1673697829246521 2049
1632101880942 0.1607525497674942 2099
1632101881624 0.13215328752994537 2149
1632101882291 0.15252436697483063 2199
1632101882960 0.17254853248596191 2249
1632101885496 0.15971896052360535 2299
1632101886098 0.1704551726579666 2349
1632101886744 0.1908617913722992 2399
1632101889046 0.14315982162952423 2449
1632101889707 0.14748209714889526 2499
1632101890345 0.17496998608112335 2549
1632101890976 0.16462239623069763 2599
1632101893367 0.14930462837219238 2649
1632101894053 0.18471017479896545 2699
1632101894692 0.17634156346321106 2749
1632101897116 0.16836000978946686 2799
1632101897741 0.14783206582069397 2849
1632101898432 0.1725306212902069 2899
1632101899023 0.1677786111831665 2949
1632101901543 0.15861356258392334 2999
1632101902188 0.1487049013376236 3049
1632101902872 0.180602565407753 3099
1632101905411 0.16384807229042053 3149
1632101906077 0.16265735030174255 3199
1632101906757 0.15264903008937836 3249
1632101907307 0.140030637383461 3299
1632101909745 0.16575178503990173 3349
1632101910317 0.1435224562883377 3399
1632101910951 0.14800655841827393 3449
1632101913453 0.15961623191833496 3499
1632101914031 0.15844494104385376 3549
1632101914647 0.1468132734298706 3599
1632101915282 0.17221727967262268 3649
1632101917772 0.14225175976753235 3699
1632101918393 0.1472935676574707 3749
1632101919006 0.15282294154167175 3799
1632101921529 0.19069306552410126 3849
1632101922191 0.13899919390678406 3899
1632101922785 0.1666179895401001 3949
1632101923375 0.18334424495697021 3999
1632101925944 0.1603187918663025 4049
1632101926578 0.1487077921628952 4099
1632101927277 0.17534910142421722 4149
1632101929811 0.1691490113735199 4199
1632101930420 0.15041059255599976 4249
1632101931045 0.14491702616214752 4299
1632101931764 0.1659073531627655 4349
1632101934313 0.19863268733024597 4399
1632101934887 0.15996390581130981 4449
1632101935549 0.159316748380661 4499
1632101938211 0.13779161870479584 4549
1632101938889 0.16691142320632935 4599
1632101939537 0.15945488214492798 4649
1632101942149 0.16150608658790588 4699
1632101942845 0.1625811904668808 4749
1632101943549 0.15485239028930664 4799
1632101944265 0.1613936722278595 4849
1632101946940 0.16571488976478577 4899
1632101947589 0.17387551069259644 4949
1632101948274 0.15247976779937744 4999
1632101950970 0.1642228662967682 5049
1632101951619 0.14962154626846313 5099
1632101952299 0.17716753482818604 5149
1632101952892 0.14917439222335815 5199
1632101955561 0.14877133071422577 5249
1632101956202 0.16387131810188293 5299
1632101956877 0.1560075283050537 5349
1632101959394 0.1670306771993637 5399
1632101960043 0.15081392228603363 5449
1632101960736 0.15257714688777924 5499
1632101961356 0.15764081478118896 5549
1632101963887 0.17425164580345154 5599
1632101964505 0.1614835113286972 5649
1632101965178 0.16902029514312744 5699
1632101967882 0.16816510260105133 5749
1632101968575 0.1632690131664276 5799
1632101969265 0.15505993366241455 5849
1632101969906 0.16337235271930695 5899
1632101972362 0.1595504879951477 5949
1632101973062 0.13061776757240295 5999
1632101973695 0.15316279232501984 6049
1632101976370 0.16785545647144318 6099
1632101977031 0.15578217804431915 6149
1632101977681 0.14750336110591888 6199
1632101978315 0.18426887691020966 6249
1632101980677 0.1460166871547699 6299
1632101981231 0.14792335033416748 6349
1632101981839 0.1639803797006607 6399
1632101984175 0.13721808791160583 6449
1632101984788 0.1643373668193817 6499
1632101985754 0.16924014687538147 6549
1632101986401 0.1674477458000183 6599
1632101988976 0.17298036813735962 6649
1632101989565 0.1642409712076187 6699
1632101990102 0.1671561747789383 6749
1632101992448 0.15557321906089783 6799
1632101993086 0.167383074760437 6849
1632101993744 0.11067520827054977 6899
1632101994313 0.16930770874023438 6949
1632101996659 0.17781417071819305 6999
1632101997301 0.16945980489253998 7049
1632101998036 0.17182289063930511 7099
1632102000524 0.15951600670814514 7149
1632102001153 0.17800195515155792 7199
1632102001757 0.1359485387802124 7249
1632102002428 0.15704262256622314 7299
1632102005028 0.1516670286655426 7349
1632102005696 0.14995600283145905 7399
1632102006341 0.15318474173545837 7449
1632102008918 0.15796643495559692 7499
1632102009606 0.16178646683692932 7549
1632102010278 0.13996952772140503 7599
1632102010881 0.16217395663261414 7649
1632102013307 0.16127049922943115 7699
1632102013937 0.17103996872901917 7749
1632102014578 0.16000376641750336 7799
1632102016979 0.14675107598304749 7849
1632102017576 0.1493704468011856 7899
1632102018280 0.16038842499256134 7949
1632102018902 0.16822278499603271 7999
1632102021495 0.1360810399055481 8049
1632102022153 0.14438588917255402 8099
1632102022837 0.16164788603782654 8149
1632102025313 0.1863873451948166 8199
1632102025974 0.17918893694877625 8249
1632102026628 0.15797162055969238 8299
1632102027281 0.17028385400772095 8349
1632102029818 0.1591247320175171 8399
1632102030418 0.16473284363746643 8449
1632102031036 0.15334603190422058 8499
1632102033316 0.1564742475748062 8549
1632102033911 0.1453162133693695 8599
1632102034498 0.13755688071250916 8649
1632102035089 0.16764649748802185 8699
1632102037557 0.1628204882144928 8749
1632102038232 0.15545114874839783 8799
1632102038861 0.16965588927268982 8849
1632102041445 0.14222778379917145 8899
1632102042140 0.14341683685779572 8949
1632102042753 0.1525181084871292 8999
1632102045328 0.16106188297271729 9049
1632102045968 0.14980372786521912 9099
1632102046538 0.13748258352279663 9149
1632102047090 0.19149193167686462 9199
1632102049624 0.15557536482810974 9249
1632102050312 0.12217892706394196 9299
1632102050973 0.15572258830070496 9349
1632102053569 0.16164466738700867 9399
1632102054227 0.1396174430847168 9449
1632102054831 0.1593136191368103 9499
1632102055436 0.17298701405525208 9549
1632102057935 0.16927656531333923 9599
1632102058532 0.14989051222801208 9649
1632102059170 0.15493720769882202 9699
1632102061605 0.16535116732120514 9749
1632102062255 0.16236534714698792 9799
1632102062907 0.14840315282344818 9849
1632102063572 0.14820709824562073 9899
1632102066072 0.1694880872964859 9949
1632102066734 0.1624559462070465 9999
1632102067318 0.1679220050573349 10049
1632102069558 0.15098635852336884 10099
1632102070136 0.15958717465400696 10149
1632102070764 0.13334448635578156 10199
1632102071380 0.1590922772884369 10249
1632102073714 0.13187339901924133 10299
1632102074346 0.1639930009841919 10349
1632102074985 0.1425495147705078 10399
1632102077555 0.15788322687149048 10449
1632102078151 0.14588476717472076 10499
1632102078805 0.16241145133972168 10549
1632102079469 0.1402481496334076 10599
1632102082071 0.134354829788208 10649
1632102082695 0.17113454639911652 10699
1632102083328 0.1533864587545395 10749
1632102085885 0.16377246379852295 10799
1632102086507 0.1480017602443695 10849
1632102087202 0.1703014075756073 10899
1632102087790 0.1525997370481491 10949
1632102090203 0.15552473068237305 10999
1632102090873 0.16523800790309906 11049
1632102091489 0.1575874239206314 11099
1632102094040 0.12894557416439056 11149
1632102094718 0.15187117457389832 11199
1632102095389 0.17165493965148926 11249
1632102095978 0.1385803520679474 11299
1632102098683 0.14716261625289917 11349
1632102099348 0.15115025639533997 11399
1632102099962 0.121159628033638 11449
1632102102953 0.1392802894115448 11499
1632102103756 0.13351871073246002 11549
1632102104387 0.1746726632118225 11599
1632102105007 0.13804110884666443 11649
1632102107491 0.1460363268852234 11699
1632102108110 0.18413743376731873 11749
1632102108709 0.15362823009490967 11799
1632102111508 0.14182978868484497 11849
1632102112197 0.15359029173851013 11899
1632102112871 0.14670288562774658 11949
1632102113468 0.14719891548156738 11999
1632102116021 0.12768474221229553 12049
1632102116689 0.14399977028369904 12099
1632102117321 0.14740785956382751 12149
1632102119583 0.1514807790517807 12199
1632102120232 0.1530681848526001 12249
1632102120813 0.15240637958049774 12299
1632102121483 0.16319134831428528 12349
1632102124033 0.15392431616783142 12399
1632102124680 0.15040646493434906 12449
1632102125370 0.13143417239189148 12499
1632102127686 0.1746734380722046 12549
1632102128325 0.14468583464622498 12599
1632102128964 0.15769343078136444 12649
1632102129577 0.16531862318515778 12699
1632102132027 0.14587043225765228 12749
1632102132699 0.14293938875198364 12799
1632102133278 0.13414917886257172 12849
1632102135758 0.15096791088581085 12899
1632102136335 0.12911775708198547 12949
1632102136986 0.14696857333183289 12999
1632102137676 0.153069868683815 13049
1632102140091 0.13663065433502197 13099
1632102140735 0.14195449650287628 13149
1632102141385 0.1390918493270874 13199
1632102143810 0.1383989155292511 13249
1632102144380 0.16296586394309998 13299
1632102144994 0.15494444966316223 13349
1632102147424 0.13747522234916687 13399
1632102148046 0.15935125946998596 13449
1632102148626 0.13570916652679443 13499
1632102149244 0.13022832572460175 13549
1632102151820 0.13917836546897888 13599
1632102152434 0.15201511979103088 13649
1632102153023 0.14710426330566406 13699
1632102155347 0.13969466090202332 13749
1632102155935 0.15578365325927734 13799
1632102156574 0.12007272988557816 13849
1632102157194 0.14404234290122986 13899
1632102159705 0.13521316647529602 13949
1632102160282 0.1517333686351776 13999
1632102160870 0.1601838320493698 14049
1632102163127 0.14730098843574524 14099
1632102163769 0.14235952496528625 14149
1632102164334 0.14838796854019165 14199
1632102164994 0.1662045121192932 14249
1632102167500 0.1484028398990631 14299
1632102168161 0.1353190541267395 14349
1632102168793 0.15563960373401642 14399
1632102171432 0.14503708481788635 14449
1632102172033 0.1400476098060608 14499
1632102172696 0.16119644045829773 14549
1632102173306 0.15833856165409088 14599
1632102175734 0.14381523430347443 14649
1632102176390 0.1486283242702484 14699
1632102177053 0.16215504705905914 14749
1632102179594 0.163621187210083 14799
1632102180234 0.15584269165992737 14849
1632102180850 0.12925711274147034 14899
1632102181485 0.130751371383667 14949
1632102184144 0.14840418100357056 14999
1632102184854 0.13593673706054688 15049
1632102185547 0.14977730810642242 15099
1632102188167 0.1318960189819336 15149
1632102188814 0.12582889199256897 15199
1632102189476 0.1468004435300827 15249
1632102190079 0.17078620195388794 15299
1632102192455 0.14763587713241577 15349
1632102193069 0.14767247438430786 15399
1632102193642 0.1393422931432724 15449
1632102196108 0.14977270364761353 15499
1632102196749 0.1556055098772049 15549
1632102197405 0.14762112498283386 15599
1632102197988 0.1422814130783081 15649
1632102200629 0.15884877741336823 15699
1632102201230 0.13053640723228455 15749
1632102201856 0.16526205837726593 15799
1632102204316 0.15512615442276 15849
1632102204941 0.13374833762645721 15899
1632102205585 0.13456247746944427 15949
1632102206190 0.13533224165439606 15999
1632102208717 0.15238091349601746 16049
1632102209318 0.13842907547950745 16099
1632102209968 0.17472253739833832 16149
1632102212416 0.15942245721817017 16199
1632102212992 0.13322195410728455 16249
1632102213647 0.14549553394317627 16299
1632102214377 0.13853050768375397 16349
1632102216701 0.1498366743326187 16399
1632102217332 0.13921649754047394 16449
1632102217933 0.15258972346782684 16499
1632102220357 0.1526944935321808 16549
1632102220974 0.16865800321102142 16599
1632102221614 0.1364450752735138 16649
1632102222171 0.17169713973999023 16699
1632102224367 0.1232682392001152 16749
1632102224926 0.16062220931053162 16799
1632102225568 0.17188909649848938 16849
1632102228096 0.17347806692123413 16899
1632102228728 0.15210628509521484 16949
1632102229322 0.14579948782920837 16999
1632102229877 0.13716956973075867 17049
1632102232505 0.14814028143882751 17099
1632102233120 0.14184913039207458 17149
1632102233762 0.1467081904411316 17199
1632102236046 0.13941439986228943 17249
1632102236649 0.16298478841781616 17299
1632102237301 0.12989485263824463 17349
1632102237955 0.14607498049736023 17399
1632102240339 0.12437787652015686 17449
1632102240939 0.1557345688343048 17499
1632102241606 0.15063458681106567 17549
1632102244068 0.16645795106887817 17599
1632102244689 0.154057577252388 17649
1632102245311 0.13815099000930786 17699
1632102247637 0.15606269240379333 17749
1632102248260 0.13530316948890686 17799
1632102248832 0.14812567830085754 17849
1632102249412 0.12827187776565552 17899
1632102251750 0.14162486791610718 17949
1632102252332 0.14382895827293396 17999
1632102252928 0.17621909081935883 18049
1632102255178 0.16520977020263672 18099
1632102255784 0.14191175997257233 18149
1632102256404 0.14233601093292236 18199
1632102257014 0.15233105421066284 18249
1632102259485 0.15442653000354767 18299
1632102260127 0.12257148325443268 18349
1632102260723 0.16352561116218567 18399
1632102263124 0.13595840334892273 18449
1632102263791 0.12611699104309082 18499
1632102264406 0.14115145802497864 18549
1632102264981 0.16085396707057953 18599
1632102267369 0.12871339917182922 18649
1632102267936 0.1308683454990387 18699
1632102268469 0.14203788340091705 18749
1632102270553 0.1311548501253128 18799
1632102271119 0.15528938174247742 18849
1632102271797 0.1419692039489746 18899
1632102272471 0.14969146251678467 18949
1632102274949 0.15314874053001404 18999
1632102275571 0.12840265035629272 19049
1632102276230 0.139719158411026 19099
1632102278574 0.1358567476272583 19149
1632102279180 0.14474040269851685 19199
1632102279811 0.1463187038898468 19249
1632102280387 0.13893641531467438 19299
1632102282778 0.13463497161865234 19349
1632102283359 0.14891694486141205 19399
1632102283910 0.1390783190727234 19449
1632102286310 0.15436480939388275 19499
1632102287002 0.13548551499843597 19549
1632102287645 0.15132620930671692 19599
1632102288273 0.1311778724193573 19649
1632102290687 0.1401432752609253 19699
1632102291296 0.15905418992042542 19749
1632102291925 0.1355120837688446 19799
1632102294347 0.1278008669614792 19849
1632102294962 0.16455534100532532 19899
1632102295562 0.16152465343475342 19949
1632102296178 0.15214428305625916 19999
1632102298429 0.15826837718486786 20049
1632102299116 0.11390839517116547 20099
1632102299726 0.17222248017787933 20149
1632102302133 0.13250970840454102 20199
1632102302744 0.14927063882350922 20249
1632102303383 0.130808025598526 20299
1632102303914 0.1398112177848816 20349
1632102306464 0.16099528968334198 20399
1632102307112 0.12343485653400421 20449
1632102307685 0.14447739720344543 20499
1632102310086 0.15495222806930542 20549
1632102310714 0.1516481339931488 20599
1632102311305 0.15218371152877808 20649
1632102311858 0.15743181109428406 20699
1632102314428 0.14767831563949585 20749
1632102315037 0.12741149961948395 20799
1632102315624 0.13422885537147522 20849
1632102318135 0.1438339650630951 20899
1632102318727 0.13182389736175537 20949
1632102319300 0.1451687216758728 20999
1632102319900 0.1338595449924469 21049
1632102322709 0.15698574483394623 21099
1632102323333 0.15206512808799744 21149
1632102323943 0.12333076447248459 21199
1632102326355 0.1334385871887207 21249
1632102326961 0.14335225522518158 21299
1632102327649 0.14342820644378662 21349
1632102328213 0.1296008974313736 21399
1632102330609 0.14962133765220642 21449
1632102331268 0.13440735638141632 21499
1632102331911 0.1433962881565094 21549
1632102334457 0.1349075436592102 21599
1632102335099 0.13624456524848938 21649
1632102335738 0.129446879029274 21699
1632102336428 0.14083422720432281 21749
1632102338780 0.15356190502643585 21799
1632102339447 0.125507652759552 21849
1632102340081 0.11626656353473663 21899
1632102342368 0.15103131532669067 21949
1632102343012 0.13446685671806335 21999
1632102343651 0.1502007395029068 22049
1632102346268 0.1356067806482315 22099
1632102346901 0.13742871582508087 22149
1632102347541 0.14458823204040527 22199
1632102348159 0.1560123860836029 22249
1632102350665 0.16515737771987915 22299
1632102351342 0.12040667235851288 22349
1632102351994 0.13730666041374207 22399
1632102354636 0.1263463944196701 22449
1632102355250 0.12501263618469238 22499
1632102355885 0.13518500328063965 22549
1632102356513 0.142565056681633 22599
1632102358819 0.13241681456565857 22649
1632102359423 0.1311955600976944 22699
1632102360018 0.13541126251220703 22749
1632102362261 0.1349373161792755 22799
1632102362926 0.13178963959217072 22849
1632102363544 0.1379777193069458 22899
1632102364122 0.13890574872493744 22949
1632102366735 0.16963177919387817 22999
1632102367398 0.1424298882484436 23049
1632102368041 0.15500277280807495 23099
1632102370560 0.176166832447052 23149
1632102371192 0.131698340177536 23199
1632102371869 0.1399727165699005 23249
1632102372442 0.1589343547821045 23299
1632102375107 0.13023024797439575 23349
1632102375754 0.14564324915409088 23399
1632102376317 0.14279931783676147 23449
1632102378734 0.16534525156021118 23499
1632102379386 0.13203172385692596 23549
1632102380008 0.11303466558456421 23599
1632102380646 0.13693764805793762 23649
1632102383207 0.11453467607498169 23699
1632102383814 0.15886443853378296 23749
1632102384441 0.11677250266075134 23799
1632102386738 0.13702118396759033 23849
1632102387379 0.12601108849048615 23899
1632102387992 0.13876613974571228 23949
1632102388661 0.13477805256843567 23999
1632102391068 0.1346895694732666 24049
1632102391716 0.13519951701164246 24099
1632102392351 0.1464948058128357 24149
1632102394810 0.12180696427822113 24199
1632102395412 0.1479942351579666 24249
1632102396053 0.14977329969406128 24299
1632102396680 0.1258935034275055 24349
1632102399013 0.1582636684179306 24399
1632102399637 0.13531102240085602 24449
1632102400233 0.1476820409297943 24499
1632102402559 0.14805492758750916 24549
1632102403172 0.12201793491840363 24599
1632102403827 0.1373549997806549 24649
1632102404406 0.12602779269218445 24699
1632102406975 0.1312638223171234 24749
1632102407632 0.14857228100299835 24799
1632102408243 0.11605245620012283 24849
1632102410735 0.14789187908172607 24899
1632102411342 0.1327265053987503 24949
1632102411941 0.1363774836063385 24999
1632102412559 0.14098452031612396 25049
1632102415022 0.12384970486164093 25099
1632102415660 0.129745215177536 25149
1632102416254 0.13184531033039093 25199
1632102418896 0.13760612905025482 25249
1632102419521 0.12298218905925751 25299
1632102420190 0.13662885129451752 25349
1632102420759 0.14010673761367798 25399
1632102423279 0.14772284030914307 25449
1632102423940 0.13294607400894165 25499
1632102424558 0.14280113577842712 25549
1632102427024 0.1275407373905182 25599
1632102427679 0.14964181184768677 25649
1632102428312 0.13124129176139832 25699
1632102428907 0.13281333446502686 25749
1632102431354 0.12314280867576599 25799
1632102432132 0.15196068584918976 25849
1632102432933 0.1288299262523651 25899
1632102435319 0.14939481019973755 25949
1632102435943 0.1354910433292389 25999
1632102436548 0.13783574104309082 26049
1632102437315 0.13576507568359375 26099
1632102439622 0.15060101449489594 26149
1632102440221 0.1489778459072113 26199
1632102440813 0.14443975687026978 26249
1632102443462 0.12648500502109528 26299
1632102444118 0.14490444958209991 26349
1632102444810 0.14806658029556274 26399
1632102447110 0.1261765956878662 26449
1632102447802 0.13309544324874878 26499
1632102448408 0.1504056453704834 26549
1632102449038 0.12074540555477142 26599
1632102451676 0.14001888036727905 26649
1632102452293 0.1187557727098465 26699
1632102452865 0.12800417840480804 26749
1632102455294 0.1304018497467041 26799
1632102455957 0.14280956983566284 26849
1632102456558 0.12775132060050964 26899
1632102457200 0.14015723764896393 26949
1632102459783 0.13688945770263672 26999
1632102460418 0.12856444716453552 27049
1632102461036 0.13371789455413818 27099
1632102463529 0.1355854570865631 27149
1632102464119 0.1183634027838707 27199
1632102464758 0.12142731994390488 27249
1632102465270 0.1324043571949005 27299
1632102467574 0.14298617839813232 27349
1632102468104 0.1411752700805664 27399
1632102468739 0.15781258046627045 27449
1632102471139 0.14392662048339844 27499
1632102471789 0.13696500658988953 27549
1632102472432 0.11970317363739014 27599
1632102473073 0.13396403193473816 27649
1632102475613 0.11651864647865295 27699
1632102476233 0.15445056557655334 27749
1632102476859 0.13350579142570496 27799
1632102479280 0.14024896919727325 27849
1632102479841 0.1277027577161789 27899
1632102480433 0.13597449660301208 27949
1632102481042 0.14010120928287506 27999
1632102483720 0.12891803681850433 28049
1632102484399 0.12671443819999695 28099
1632102485036 0.15754291415214539 28149
1632102487619 0.127207949757576 28199
1632102488270 0.1627526581287384 28249
1632102488886 0.1442064344882965 28299
1632102489503 0.14423708617687225 28349
1632102491988 0.12407849729061127 28399
1632102492620 0.1498212218284607 28449
1632102493269 0.14124181866645813 28499
1632102495597 0.1241208016872406 28549
1632102496263 0.1264391392469406 28599
1632102496922 0.12037857621908188 28649
1632102497537 0.1453145444393158 28699
1632102500107 0.13543382287025452 28749
1632102500760 0.1317058503627777 28799
1632102501337 0.13191694021224976 28849
1632102503540 0.15793728828430176 28899
1632102504155 0.1268341839313507 28949
1632102504762 0.13276107609272003 28999
1632102505348 0.13974131643772125 29049
1632102508059 0.1393226683139801 29099
1632102508672 0.14504781365394592 29149
1632102509295 0.14869698882102966 29199
1632102511651 0.12992198765277863 29249
1632102512275 0.12358494102954865 29299
1632102512933 0.16816481947898865 29349
1632102513614 0.13787111639976501 29399
1632102516181 0.10828068852424622 29449
1632102516814 0.13907700777053833 29499
1632102517488 0.12699797749519348 29549
1632102519936 0.13970017433166504 29599
1632102520642 0.1453588306903839 29649
1632102521330 0.1370302438735962 29699
1632102521919 0.12857583165168762 29749
1632102524341 0.13876833021640778 29799
1632102524899 0.13440442085266113 29849
1632102525507 0.1262775957584381 29899
1632102528018 0.1496203988790512 29949
1632102528680 0.12966008484363556 29999
1632102529366 0.15727540850639343 30049
1632102529980 0.13771957159042358 30099
1632102532599 0.119041308760643 30149
1632102533254 0.1688811182975769 30199
1632102533898 0.12614326179027557 30249
1632102536412 0.1304113268852234 30299
1632102536995 0.11634024977684021 30349
1632102537601 0.1474933922290802 30399
1632102538286 0.12881861627101898 30449
1632102540558 0.10584500432014465 30499
1632102541215 0.11461243033409119 30549
1632102541882 0.12352117896080017 30599
1632102544861 0.1442638635635376 30649
1632102545494 0.12159403413534164 30699
1632102546085 0.1335655152797699 30749
1632102548532 0.13807974755764008 30799
1632102549140 0.12423069030046463 30849
1632102549815 0.13744214177131653 30899
1632102550438 0.15400949120521545 30949
1632102552886 0.13175339996814728 30999
1632102553463 0.14400224387645721 31049
1632102554102 0.12520524859428406 31099
1632102556465 0.12930181622505188 31149
1632102557167 0.1393492966890335 31199
1632102557802 0.1480066478252411 31249
1632102558440 0.12898357212543488 31299
1632102561040 0.13032123446464539 31349
1632102561724 0.1329546570777893 31399
1632102562414 0.133154034614563 31449
1632102564939 0.14111211895942688 31499
1632102565514 0.1213739812374115 31549
1632102566197 0.12730184197425842 31599
1632102566827 0.1348138451576233 31649
1632102569256 0.12795528769493103 31699
1632102569900 0.1259959638118744 31749
1632102570525 0.14260101318359375 31799
1632102573195 0.12691630423069 31849
1632102573775 0.14295852184295654 31899
1632102574436 0.12258128821849823 31949
1632102574953 0.139375239610672 31999
1632102577508 0.1369493156671524 32049
1632102578142 0.13108885288238525 32099
1632102578681 0.13118815422058105 32149
1632102581075 0.12553969025611877 32199
1632102581707 0.1306927502155304 32249
1632102582320 0.12441805005073547 32299
1632102582961 0.13444983959197998 32349
1632102585625 0.11687641590833664 32399
1632102586291 0.12928935885429382 32449
1632102586890 0.12754985690116882 32499
1632102589513 0.12907956540584564 32549
1632102590146 0.13272786140441895 32599
1632102590747 0.1317325383424759 32649
1632102591357 0.1474452018737793 32699
1632102593946 0.13593819737434387 32749
1632102594532 0.14123067259788513 32799
1632102595130 0.15884125232696533 32849
1632102597609 0.11682677268981934 32899
1632102598194 0.1375531256198883 32949
1632102598785 0.13076144456863403 32999
1632102599397 0.1476796269416809 33049
1632102601985 0.13606175780296326 33099
1632102602580 0.11735288798809052 33149
1632102603232 0.12751924991607666 33199
1632102605705 0.12367351353168488 33249
1632102606281 0.13617470860481262 33299
1632102606872 0.12116443365812302 33349
1632102607528 0.13352474570274353 33399
1632102609968 0.14682835340499878 33449
1632102610598 0.12265006452798843 33499
1632102611206 0.1528320014476776 33549
1632102613636 0.14608779549598694 33599
1632102614256 0.13509103655815125 33649
1632102614868 0.12451302260160446 33699
1632102615513 0.15180820226669312 33749
1632102617947 0.15692205727100372 33799
1632102618551 0.12454453110694885 33849
1632102619127 0.12998215854167938 33899
1632102621624 0.1239815428853035 33949
1632102622230 0.1423736810684204 33999
1632102622868 0.1505967080593109 34049
1632102623487 0.12895168364048004 34099
1632102626022 0.13061097264289856 34149
1632102626669 0.13637478649616241 34199
1632102627263 0.10978589206933975 34249
1632102629579 0.1326117217540741 34299
1632102630215 0.13581736385822296 34349
1632102630893 0.12732087075710297 34399
1632102631490 0.11892610043287277 34449
1632102634044 0.15424269437789917 34499
1632102634664 0.13742899894714355 34549
1632102635307 0.13713006675243378 34599
1632102637731 0.13949927687644958 34649
1632102638351 0.13677668571472168 34699
1632102638980 0.14146393537521362 34749
1632102639650 0.14381654560565948 34799
1632102641997 0.13818944990634918 34849
1632102642624 0.12122459709644318 34899
1632102643255 0.13667012751102448 34949
1632102645741 0.11951208114624023 34999
1632102646399 0.12966065108776093 35049
1632102647024 0.1381051242351532 35099
1632102649518 0.13428230583667755 35149
1632102650189 0.1282602846622467 35199
1632102650809 0.13928499817848206 35249
1632102651452 0.14537668228149414 35299
1632102653871 0.11671636998653412 35349
1632102654565 0.12830767035484314 35399
1632102655278 0.1357695460319519 35449
1632102657641 0.12824754416942596 35499
1632102658240 0.1380612850189209 35549
1632102658897 0.13034582138061523 35599
1632102659510 0.10788092017173767 35649
1632102661999 0.11038057506084442 35699
1632102662672 0.11451146006584167 35749
1632102663266 0.1279846727848053 35799
1632102665880 0.13546743988990784 35849
1632102666558 0.1368449628353119 35899
1632102667156 0.13477550446987152 35949
1632102667806 0.12941792607307434 35999
1632102670295 0.1308770477771759 36049
1632102670900 0.11176984012126923 36099
1632102671515 0.13387612998485565 36149
1632102674014 0.13415789604187012 36199
1632102674673 0.1295369565486908 36249
1632102675346 0.14086350798606873 36299
1632102675867 0.12838245928287506 36349
1632102678389 0.1289474070072174 36399
1632102679091 0.13493189215660095 36449
1632102679767 0.13371476531028748 36499
1632102682360 0.12281693518161774 36549
1632102683009 0.13492603600025177 36599
1632102683669 0.12576578557491302 36649
1632102684218 0.10316193103790283 36699
1632102686537 0.1199551671743393 36749
1632102687140 0.14191290736198425 36799
1632102687795 0.14546720683574677 36849
1632102690420 0.13323986530303955 36899
1632102691033 0.12727147340774536 36949
1632102691676 0.13944168388843536 36999
1632102692352 0.1291506290435791 37049
1632102694960 0.10260195285081863 37099
1632102695551 0.10972869396209717 37149
1632102696168 0.13736492395401 37199
1632102698614 0.13007844984531403 37249
1632102699194 0.1223871260881424 37299
1632102699810 0.13271556794643402 37349
1632102700435 0.10807915031909943 37399
1632102702966 0.12363450229167938 37449
1632102703609 0.14248856902122498 37499
1632102704267 0.12832722067832947 37549
1632102706735 0.14012128114700317 37599
1632102707412 0.11564572155475616 37649
1632102708081 0.12121652066707611 37699
1632102708676 0.12140394747257233 37749
1632102711243 0.14474770426750183 37799
1632102711823 0.13711072504520416 37849
1632102712491 0.14680862426757812 37899
1632102714816 0.13799205422401428 37949
1632102715491 0.11847854405641556 37999
1632102716134 0.13003847002983093 38049
1632102716729 0.11410953104496002 38099
1632102718899 0.12158027291297913 38149
1632102719473 0.12874221801757812 38199
1632102720033 0.11955925822257996 38249
1632102722463 0.12196828424930573 38299
1632102723055 0.12042641639709473 38349
1632102723683 0.12917456030845642 38399
1632102724272 0.15464270114898682 38449
1632102726666 0.1090790405869484 38499
1632102727285 0.1293514370918274 38549
1632102727849 0.12452481687068939 38599
1632102730360 0.12620341777801514 38649
1632102730962 0.15046951174736023 38699
1632102731536 0.12998521327972412 38749
1632102732070 0.14430660009384155 38799
1632102734531 0.12563268840312958 38849
1632102735090 0.12156014144420624 38899
1632102735800 0.13355611264705658 38949
1632102738343 0.13400202989578247 38999
1632102739056 0.11556881666183472 39049
1632102739644 0.121034637093544 39099
1632102740322 0.12597104907035828 39149
1632102742590 0.1434159278869629 39199
1632102743155 0.13977140188217163 39249
1632102743791 0.13204774260520935 39299
1632102746155 0.14068853855133057 39349
1632102746722 0.12752100825309753 39399
1632102747296 0.12582170963287354 39449
1632102749721 0.12623944878578186 39499
1632102750281 0.12990206480026245 39549
1632102750872 0.12471894919872284 39599
1632102751457 0.11595024168491364 39649
1632102754051 0.12852010130882263 39699
1632102754538 0.11829837411642075 39749
1632102755097 0.11429554224014282 39799
1632102757464 0.14719906449317932 39849
1632102758034 0.12058942019939423 39899
1632102758624 0.14083966612815857 39949
1632102759283 0.13335610926151276 39999
1632102761649 0.12095437943935394 40049
1632102762172 0.1537950038909912 40099
1632102762745 0.13647207617759705 40149
1632102765004 0.1337192952632904 40199
1632102765566 0.1160464659333229 40249
1632102766178 0.1344132125377655 40299
1632102766801 0.11729973554611206 40349
1632102769055 0.12456153333187103 40399
1632102769660 0.12086698412895203 40449
1632102770288 0.11245251446962357 40499
1632102773037 0.12421255558729172 40549
1632102773706 0.1093178391456604 40599
1632102774284 0.13525643944740295 40649
1632102774853 0.1147167831659317 40699
1632102777388 0.1254233419895172 40749
1632102777882 0.12858325242996216 40799
1632102778481 0.12637028098106384 40849
1632102780661 0.118850477039814 40899
1632102781270 0.11599792540073395 40949
1632102781843 0.12079464644193649 40999
1632102782409 0.11700056493282318 41049
1632102784466 0.11907026171684265 41099
1632102785010 0.14613956212997437 41149
1632102785542 0.12795734405517578 41199
1632102787519 0.13022425770759583 41249
1632102788026 0.11883097887039185 41299
1632102788519 0.11327176541090012 41349
1632102789035 0.1162419319152832 41399
1632102791297 0.11817887425422668 41449
1632102791809 0.12363289296627045 41499
1632102792306 0.13756901025772095 41549
1632102794192 0.12162965536117554 41599
1632102794724 0.12949691712856293 41649
1632102795253 0.127809077501297 41699
1632102795772 0.14317817986011505 41749
1632102797776 0.12422236800193787 41799
1632102798285 0.12095144391059875 41849
1632102798780 0.13691338896751404 41899
1632102800935 0.11306487768888474 41949
1632102801481 0.14231011271476746 41999
1632102801997 0.13086263835430145 42049
1632102802452 0.1416461169719696 42099
1632102804252 0.13039901852607727 42149
1632102804745 0.13522309064865112 42199
1632102805234 0.11608345806598663 42249
1632102807081 0.13479498028755188 42299
1632102807580 0.12684346735477448 42349
1632102808101 0.10538406670093536 42399
1632102808568 0.12356255203485489 42449
1632102810390 0.162284255027771 42499
1632102810904 0.13185285031795502 42549
1632102811415 0.13848063349723816 42599
1632102813308 0.12319629639387131 42649
1632102813810 0.11640942096710205 42699
1632102814347 0.12360085546970367 42749
1632102814877 0.1061149463057518 42799
1632102816804 0.12763258814811707 42849
1632102817302 0.1062377542257309 42899
1632102817733 0.10974882543087006 42949
1632102819364 0.10390768200159073 42999
1632102819881 0.11350725591182709 43049
1632102820401 0.11917204409837723 43099
1632102820807 0.13784503936767578 43149
1632102822699 0.11711371690034866 43199
1632102823132 0.13433212041854858 43249
1632102823623 0.14625981450080872 43299
1632102825321 0.14815106987953186 43349
1632102825815 0.12284047901630402 43399
1632102826222 0.13400645554065704 43449
1632102826744 0.11315161734819412 43499
1632102828437 0.13513240218162537 43549
1632102828918 0.13488709926605225 43599
1632102829374 0.10985726863145828 43649
1632102831096 0.12561219930648804 43699
1632102831587 0.10014229267835617 43749
1632102832061 0.12403371930122375 43799
1632102833665 0.11329920589923859 43849
1632102834149 0.13428521156311035 43899
1632102834648 0.12717211246490479 43949
1632102835105 0.11276552826166153 43999
1632102836860 0.10593733191490173 44049
1632102837354 0.11732135713100433 44099
1632102837782 0.12623292207717896 44149
1632102839467 0.12939941883087158 44199
1632102839942 0.14882473647594452 44249
1632102840409 0.09436357021331787 44299
1632102840908 0.13135787844657898 44349
1632102842633 0.11153903603553772 44399
1632102843131 0.10507833957672119 44449
1632102843626 0.11360898613929749 44499
1632102845277 0.13666321337223053 44549
1632102845754 0.1231832355260849 44599
1632102846197 0.12940895557403564 44649
1632102846689 0.1083238422870636 44699
1632102848428 0.12650145590305328 44749
1632102848888 0.12335652112960815 44799
1632102849346 0.11255475133657455 44849
1632102851091 0.11226996034383774 44899
1632102851545 0.13092896342277527 44949
1632102852029 0.10246012359857559 44999
1632102852449 0.09906589984893799 45049
1632102854126 0.13280940055847168 45099
1632102854559 0.1268387883901596 45149
1632102855026 0.12360347807407379 45199
1632102856812 0.12116493284702301 45249
1632102857254 0.11883265525102615 45299
1632102857879 0.12158137559890747 45349
1632102858471 0.12976494431495667 45399
1632102860148 0.11825834214687347 45449
1632102860642 0.11322124302387238 45499
1632102861103 0.10694082081317902 45549
1632102862888 0.12871219217777252 45599
1632102863358 0.10911175608634949 45649
1632102863863 0.12093321233987808 45699
1632102864304 0.11916841566562653 45749
1632102866093 0.12922915816307068 45799
1632102866577 0.1365034580230713 45849
1632102867086 0.12394927442073822 45899
1632102868808 0.13528680801391602 45949
1632102869268 0.12001928687095642 45999
1632102869743 0.13360805809497833 46049
1632102870196 0.11143999546766281 46099
1632102872036 0.11177250742912292 46149
1632102872511 0.12031814455986023 46199
1632102873014 0.13607659935951233 46249
1632102874731 0.11817467957735062 46299
1632102875098 0.13855883479118347 46349
1632102875476 0.12115174531936646 46399
1632102875845 0.12433677911758423 46449
1632102877629 0.12233587354421616 46499
1632102878115 0.11328987032175064 46549
1632102878648 0.12490832805633545 46599
1632102880428 0.12188275158405304 46649
1632102880932 0.09847266972064972 46699
1632102881444 0.14182355999946594 46749
1632102881867 0.12082996964454651 46799
1632102883811 0.11927474290132523 46849
1632102884303 0.12874703109264374 46899
1632102884826 0.12165271490812302 46949
1632102886614 0.14046263694763184 46999
1632102887130 0.13486240804195404 47049
1632102887635 0.13085025548934937 47099
1632102888064 0.11708115041255951 47149
1632102889891 0.1439552903175354 47199
1632102890405 0.14183159172534943 47249
1632102890915 0.12713974714279175 47299
1632102892814 0.12066131085157394 47349
1632102893336 0.16021940112113953 47399
1632102893869 0.12055565416812897 47449
1632102894350 0.11752619594335556 47499
1632102896204 0.13149315118789673 47549
1632102896658 0.11379359662532806 47599
1632102897143 0.1253477931022644 47649
1632102899044 0.10854613780975342 47699
1632102899548 0.12056174874305725 47749
1632102900036 0.12778212130069733 47799
1632102900575 0.10925181955099106 47849
1632102902401 0.11614452302455902 47899
1632102902887 0.11709199100732803 47949
1632102903343 0.1120707243680954 47999
1632102905101 0.12204287946224213 48049
1632102905568 0.12445620447397232 48099
1632102906062 0.12367072701454163 48149
1632102907866 0.10788743942975998 48199
1632102908367 0.11797034740447998 48249
1632102908830 0.1417088806629181 48299
1632102909370 0.1258670836687088 48349
1632102911108 0.1300658881664276 48399
1632102911638 0.12694868445396423 48449
1632102912089 0.11597742885351181 48499
1632102913905 0.11894446611404419 48549
1632102914407 0.1318056732416153 48599
1632102914904 0.10603474825620651 48649
1632102915419 0.12263326346874237 48699
1632102917257 0.10452781617641449 48749
1632102917744 0.11679427325725555 48799
1632102918229 0.11612674593925476 48849
1632102920075 0.12826265394687653 48899
1632102920525 0.10693442821502686 48949
1632102920988 0.13696511089801788 48999
1632102921460 0.14759545028209686 49049
1632102923303 0.11227180063724518 49099
1632102923785 0.12245449423789978 49149
1632102924325 0.11617415398359299 49199
1632102926145 0.11720818281173706 49249
1632102926635 0.11209729313850403 49299
1632102927086 0.14623448252677917 49349
1632102927540 0.1286906898021698 49399
1632102929201 0.13018187880516052 49449
1632102929623 0.13362443447113037 49499
1632102930089 0.11680085957050323 49549
1632102931870 0.1260150969028473 49599
1632102932362 0.11166634410619736 49649
1632102932859 0.11835935711860657 49699
1632102933278 0.1250174343585968 49749
1632102935046 0.11503995954990387 49799
1632102935550 0.13513898849487305 49849
1632102936043 0.11861603707075119 49899
1632102937831 0.12840931117534637 49949
1632102938324 0.11412721127271652 49999
1632102938754 0.10780878365039825 50049
1632102939270 0.10605886578559875 50099
1632102941383 0.12137512862682343 50149
1632102941887 0.10807356238365173 50199
1632102942365 0.11844570934772491 50249
1632102944197 0.12486624717712402 50299
1632102944693 0.13821546733379364 50349
1632102945186 0.11002469062805176 50399
1632102945662 0.10974131524562836 50449
1632102947451 0.14305663108825684 50499
1632102947971 0.12028133869171143 50549
1632102948463 0.13301333785057068 50599
1632102950233 0.1347392052412033 50649
1632102950737 0.13738898932933807 50699
1632102951189 0.12211474031209946 50749
1632102951664 0.12770196795463562 50799
1632102953485 0.10903015732765198 50849
1632102953985 0.14319993555545807 50899
1632102954502 0.1216718927025795 50949
1632102956284 0.1182984709739685 50999
1632102956787 0.11196278780698776 51049
1632102957305 0.1217416301369667 51099
1632102957793 0.11433659493923187 51149
1632102959516 0.11131593585014343 51199
1632102960027 0.11639943718910217 51249
1632102960554 0.10913132131099701 51299
1632102962206 0.10631456226110458 51349
1632102962688 0.11988763511180878 51399
1632102963196 0.11822700500488281 51449
1632102963634 0.1293809860944748 51499
1632102965630 0.11291541159152985 51549
1632102966099 0.11877436935901642 51599
1632102966577 0.12221717834472656 51649
1632102968334 0.10691793262958527 51699
1632102968826 0.12693172693252563 51749
1632102969327 0.13616341352462769 51799
1632102969749 0.11713351309299469 51849
1632102971545 0.12924379110336304 51899
1632102972054 0.11421085894107819 51949
1632102972566 0.12335874140262604 51999
1632102974271 0.12877416610717773 52049
1632102974725 0.13600003719329834 52099
1632102975183 0.11683788150548935 52149
1632102975770 0.13014397025108337 52199
1632102977301 0.11830265074968338 52249
1632102977724 0.1355130523443222 52299
1632102978228 0.11758813261985779 52349
1632102979932 0.11771416664123535 52399
1632102980370 0.12009398639202118 52449
1632102980820 0.12081409990787506 52499
1632102982575 0.11737741529941559 52549
1632102983065 0.13425689935684204 52599
1632102983485 0.1199222132563591 52649
1632102983941 0.14229096472263336 52699
1632102985639 0.11586080491542816 52749
1632102986112 0.11425438523292542 52799
1632102986592 0.10392147302627563 52849
1632102988361 0.12471631169319153 52899
1632102988848 0.10054245591163635 52949
1632102989334 0.11183176934719086 52999
1632102989829 0.10577446222305298 53049
1632102991492 0.132798969745636 53099
1632102991952 0.11471755057573318 53149
1632102992492 0.08945512771606445 53199
1632102994334 0.11602241545915604 53249
1632102994839 0.1262173056602478 53299
1632102995299 0.09352439641952515 53349
1632102995726 0.10750661790370941 53399
1632102997504 0.12552952766418457 53449
1632102998018 0.11690898984670639 53499
1632102998533 0.12280431389808655 53549
1632103000357 0.112876757979393 53599
1632103000868 0.12729288637638092 53649
1632103001335 0.12486932426691055 53699
1632103001804 0.10641650855541229 53749
1632103003592 0.11641756445169449 53799
1632103004076 0.11849265545606613 53849
1632103004572 0.11773134022951126 53899
