1632101831271 0 49
1632101831979 0 99
1632101832636 0 149
1632101833987 0 173
1632101835168 1 199
1632101835761 1 249
1632101836402 1 299
1632101838085 1 347
1632101838875 2 349
1632101839523 2 399
1632101840221 2 449
1632101840843 2 499
1632101842154 2 521
1632101843344 3 549
1632101843989 3 599
1632101844641 3 649
1632101846254 3 695
1632101847146 4 699
1632101847762 4 749
1632101848398 4 799
1632101849038 4 849
1632101850376 4 869
1632101851545 5 899
1632101852110 5 949
1632101852750 5 999
1632101854359 5 1043
1632101855347 6 1049
1632101856018 6 1099
1632101856633 6 1149
1632101857260 6 1199
1632101858646 6 1217
1632101859830 7 1249
1632101860484 7 1299
1632101861107 7 1349
1632101862715 7 1391
1632101863673 8 1399
1632101864352 8 1449
1632101864970 8 1499
1632101865583 8 1549
1632101866723 8 1565
1632101868001 9 1599
1632101868692 9 1649
1632101869367 9 1699
1632101870972 9 1739
1632101872546 10 1749
1632101873328 10 1799
1632101873970 10 1849
1632101874605 10 1899
1632101875895 10 1913
1632101877084 11 1949
1632101877664 11 1999
1632101878286 11 2049
1632101879951 11 2087
1632101880942 12 2099
1632101881624 12 2149
1632101882291 12 2199
1632101882960 12 2249
1632101884159 12 2261
1632101885496 13 2299
1632101886098 13 2349
1632101886744 13 2399
1632101888066 13 2435
1632101889046 14 2449
1632101889707 14 2499
1632101890345 14 2549
1632101890976 14 2599
1632101892062 14 2609
1632101893367 15 2649
1632101894053 15 2699
1632101894692 15 2749
1632101896081 15 2783
1632101897116 16 2799
1632101897741 16 2849
1632101898432 16 2899
1632101899023 16 2949
1632101900166 16 2957
1632101901543 17 2999
1632101902188 17 3049
1632101902872 17 3099
1632101904360 17 3131
1632101905411 18 3149
1632101906077 18 3199
1632101906757 18 3249
1632101907307 18 3299
1632101908538 18 3305
1632101909745 19 3349
1632101910317 19 3399
1632101910951 19 3449
1632101912381 19 3479
1632101913453 20 3499
1632101914031 20 3549
1632101914647 20 3599
1632101915282 20 3649
1632101916332 20 3653
1632101917772 21 3699
1632101918393 21 3749
1632101919006 21 3799
1632101920325 21 3827
1632101921529 22 3849
1632101922191 22 3899
1632101922785 22 3949
1632101923375 22 3999
1632101924521 22 4001
1632101925944 23 4049
1632101926578 23 4099
1632101927277 23 4149
1632101928676 23 4175
1632101929811 24 4199
1632101930420 24 4249
1632101931045 24 4299
1632101931764 24 4349
1632101932782 24 4349
1632101934313 25 4399
1632101934887 25 4449
1632101935549 25 4499
1632101936915 25 4523
1632101938211 26 4549
1632101938889 26 4599
1632101939537 26 4649
1632101941277 26 4697
1632101942149 27 4699
1632101942845 27 4749
1632101943549 27 4799
1632101944265 27 4849
1632101945689 27 4871
1632101946940 28 4899
1632101947589 28 4949
1632101948274 28 4999
1632101950016 28 5045
1632101950970 29 5049
1632101951619 29 5099
1632101952299 29 5149
1632101952892 29 5199
1632101954279 29 5219
1632101955561 30 5249
1632101956202 30 5299
1632101956877 30 5349
1632101958405 30 5393
1632101959394 31 5399
1632101960043 31 5449
1632101960736 31 5499
1632101961356 31 5549
1632101962581 31 5567
1632101963887 32 5599
1632101964505 32 5649
1632101965178 32 5699
1632101966817 32 5741
1632101967882 33 5749
1632101968575 33 5799
1632101969265 33 5849
1632101969906 33 5899
1632101971184 33 5915
1632101972362 34 5949
1632101973062 34 5999
1632101973695 34 6049
1632101975427 34 6089
1632101976370 35 6099
1632101977031 35 6149
1632101977681 35 6199
1632101978315 35 6249
1632101979498 35 6263
1632101980677 36 6299
1632101981231 36 6349
1632101981839 36 6399
1632101983249 36 6437
1632101984175 37 6449
1632101984788 37 6499
1632101985754 37 6549
1632101986401 37 6599
1632101987605 37 6611
1632101988976 38 6649
1632101989565 38 6699
1632101990102 38 6749
1632101991482 38 6785
1632101992448 39 6799
1632101993086 39 6849
1632101993744 39 6899
1632101994313 39 6949
1632101995408 39 6959
1632101996659 40 6999
1632101997301 40 7049
1632101998036 40 7099
1632101999441 40 7133
1632102000524 41 7149
1632102001153 41 7199
1632102001757 41 7249
1632102002428 41 7299
1632102003666 41 7307
1632102005028 42 7349
1632102005696 42 7399
1632102006341 42 7449
1632102007809 42 7481
1632102008918 43 7499
1632102009606 43 7549
1632102010278 43 7599
1632102010881 43 7649
1632102012044 43 7655
1632102013307 44 7699
1632102013937 44 7749
1632102014578 44 7799
1632102016005 44 7829
1632102016979 45 7849
1632102017576 45 7899
1632102018280 45 7949
1632102018902 45 7999
1632102020050 45 8003
1632102021495 46 8049
1632102022153 46 8099
1632102022837 46 8149
1632102024252 46 8177
1632102025313 47 8199
1632102025974 47 8249
1632102026628 47 8299
1632102027281 47 8349
1632102028416 47 8351
1632102029818 48 8399
1632102030418 48 8449
1632102031036 48 8499
1632102032307 48 8525
1632102033316 49 8549
1632102033911 49 8599
1632102034498 49 8649
1632102035089 49 8699
1632102036194 49 8699
1632102037557 50 8749
1632102038232 50 8799
1632102038861 50 8849
1632102040239 50 8873
1632102041445 51 8899
1632102042140 51 8949
1632102042753 51 8999
1632102044498 51 9047
1632102045328 52 9049
1632102045968 52 9099
1632102046538 52 9149
1632102047090 52 9199
1632102048400 52 9221
1632102049624 53 9249
1632102050312 53 9299
1632102050973 53 9349
1632102052702 53 9395
1632102053569 54 9399
1632102054227 54 9449
1632102054831 54 9499
1632102055436 54 9549
1632102056681 54 9569
1632102057935 55 9599
1632102058532 55 9649
1632102059170 55 9699
1632102060725 55 9743
1632102061605 56 9749
1632102062255 56 9799
1632102062907 56 9849
1632102063572 56 9899
1632102064868 56 9917
1632102066072 57 9949
1632102066734 57 9999
1632102067318 57 10049
1632102068815 57 10091
1632102069558 58 10099
1632102070136 58 10149
1632102070764 58 10199
1632102071380 58 10249
1632102072417 58 10265
1632102073714 59 10299
1632102074346 59 10349
1632102074985 59 10399
1632102076582 59 10439
1632102077555 60 10449
1632102078151 60 10499
1632102078805 60 10549
1632102079469 60 10599
1632102080776 60 10613
1632102082071 61 10649
1632102082695 61 10699
1632102083328 61 10749
1632102084881 61 10787
1632102085885 62 10799
1632102086507 62 10849
1632102087202 62 10899
1632102087790 62 10949
1632102089026 62 10961
1632102090203 63 10999
1632102090873 63 11049
1632102091489 63 11099
1632102093044 63 11135
1632102094040 64 11149
1632102094718 64 11199
1632102095389 64 11249
1632102095978 64 11299
1632102097120 64 11309
1632102098683 65 11349
1632102099348 65 11399
1632102099962 65 11449
1632102101564 65 11483
1632102102953 66 11499
1632102103756 66 11549
1632102104387 66 11599
1632102105007 66 11649
1632102106093 66 11657
1632102107491 67 11699
1632102108110 67 11749
1632102108709 67 11799
1632102110352 67 11831
1632102111508 68 11849
1632102112197 68 11899
1632102112871 68 11949
1632102113468 68 11999
1632102114621 68 12005
1632102116021 69 12049
1632102116689 69 12099
1632102117321 69 12149
1632102118652 69 12179
1632102119583 70 12199
1632102120232 70 12249
1632102120813 70 12299
1632102121483 70 12349
1632102122636 70 12353
1632102124033 71 12399
1632102124680 71 12449
1632102125370 71 12499
1632102126658 71 12527
1632102127686 72 12549
1632102128325 72 12599
1632102128964 72 12649
1632102129577 72 12699
1632102130578 72 12701
1632102132027 73 12749
1632102132699 73 12799
1632102133278 73 12849
1632102134722 73 12875
1632102135758 74 12899
1632102136335 74 12949
1632102136986 74 12999
1632102137676 74 13049
1632102138636 74 13049
1632102140091 75 13099
1632102140735 75 13149
1632102141385 75 13199
1632102142683 75 13223
1632102143810 76 13249
1632102144380 76 13299
1632102144994 76 13349
1632102146561 76 13397
1632102147424 77 13399
1632102148046 77 13449
1632102148626 77 13499
1632102149244 77 13549
1632102150634 77 13571
1632102151820 78 13599
1632102152434 78 13649
1632102153023 78 13699
1632102154511 78 13745
1632102155347 79 13749
1632102155935 79 13799
1632102156574 79 13849
1632102157194 79 13899
1632102158555 79 13919
1632102159705 80 13949
1632102160282 80 13999
1632102160870 80 14049
1632102162382 80 14093
1632102163127 81 14099
1632102163769 81 14149
1632102164334 81 14199
1632102164994 81 14249
1632102166256 81 14267
1632102167500 82 14299
1632102168161 82 14349
1632102168793 82 14399
1632102170442 82 14441
1632102171432 83 14449
1632102172033 83 14499
1632102172696 83 14549
1632102173306 83 14599
1632102174572 83 14615
1632102175734 84 14649
1632102176390 84 14699
1632102177053 84 14749
1632102178627 84 14789
1632102179594 85 14799
1632102180234 85 14849
1632102180850 85 14899
1632102181485 85 14949
1632102182785 85 14963
1632102184144 86 14999
1632102184854 86 15049
1632102185547 86 15099
1632102187182 86 15137
1632102188167 87 15149
1632102188814 87 15199
1632102189476 87 15249
1632102190079 87 15299
1632102191322 87 15311
1632102192455 88 15349
1632102193069 88 15399
1632102193642 88 15449
1632102195065 88 15485
1632102196108 89 15499
1632102196749 89 15549
1632102197405 89 15599
1632102197988 89 15649
1632102199228 89 15659
1632102200629 90 15699
1632102201230 90 15749
1632102201856 90 15799
1632102203303 90 15833
1632102204316 91 15849
1632102204941 91 15899
1632102205585 91 15949
1632102206190 91 15999
1632102207418 91 16007
1632102208717 92 16049
1632102209318 92 16099
1632102209968 92 16149
1632102211353 92 16181
1632102212416 93 16199
1632102212992 93 16249
1632102213647 93 16299
1632102214377 93 16349
1632102215429 93 16355
1632102216701 94 16399
1632102217332 94 16449
1632102217933 94 16499
1632102219304 94 16529
1632102220357 95 16549
1632102220974 95 16599
1632102221614 95 16649
1632102222171 95 16699
1632102223104 95 16703
1632102224367 96 16749
1632102224926 96 16799
1632102225568 96 16849
1632102226969 96 16877
1632102228096 97 16899
1632102228728 97 16949
1632102229322 97 16999
1632102229877 97 17049
1632102231056 97 17051
1632102232505 98 17099
1632102233120 98 17149
1632102233762 98 17199
1632102235110 98 17225
1632102236046 99 17249
1632102236649 99 17299
1632102237301 99 17349
1632102237955 99 17399
1632102239006 99 17399
1632102240339 100 17449
1632102240939 100 17499
1632102241606 100 17549
1632102242889 100 17573
1632102244068 101 17599
1632102244689 101 17649
1632102245311 101 17699
1632102246834 101 17747
1632102247637 102 17749
1632102248260 102 17799
1632102248832 102 17849
1632102249412 102 17899
1632102250696 102 17921
1632102251750 103 17949
1632102252332 103 17999
1632102252928 103 18049
1632102254344 103 18095
1632102255178 104 18099
1632102255784 104 18149
1632102256404 104 18199
1632102257014 104 18249
1632102258265 104 18269
1632102259485 105 18299
1632102260127 105 18349
1632102260723 105 18399
1632102262192 105 18443
1632102263124 106 18449
1632102263791 106 18499
1632102264406 106 18549
1632102264981 106 18599
1632102266230 106 18617
1632102267369 107 18649
1632102267936 107 18699
1632102268469 107 18749
1632102269819 107 18791
1632102270553 108 18799
1632102271119 108 18849
1632102271797 108 18899
1632102272471 108 18949
1632102273698 108 18965
1632102274949 109 18999
1632102275571 109 19049
1632102276230 109 19099
1632102277670 109 19139
1632102278574 110 19149
1632102279180 110 19199
1632102279811 110 19249
1632102280387 110 19299
1632102281519 110 19313
1632102282778 111 19349
1632102283359 111 19399
1632102283910 111 19449
1632102285367 111 19487
1632102286310 112 19499
1632102287002 112 19549
1632102287645 112 19599
1632102288273 112 19649
1632102289382 112 19661
1632102290687 113 19699
1632102291296 113 19749
1632102291925 113 19799
1632102293395 113 19835
1632102294347 114 19849
1632102294962 114 19899
1632102295562 114 19949
1632102296178 114 19999
1632102297284 114 20009
1632102298429 115 20049
1632102299116 115 20099
1632102299726 115 20149
1632102301107 115 20183
1632102302133 116 20199
1632102302744 116 20249
1632102303383 116 20299
1632102303914 116 20349
1632102305097 116 20357
1632102306464 117 20399
1632102307112 117 20449
1632102307685 117 20499
1632102309077 117 20531
1632102310086 118 20549
1632102310714 118 20599
1632102311305 118 20649
1632102311858 118 20699
1632102313148 118 20705
1632102314428 119 20749
1632102315037 119 20799
1632102315624 119 20849
1632102317074 119 20879
1632102318135 120 20899
1632102318727 120 20949
1632102319300 120 20999
1632102319900 120 21049
1632102321015 120 21053
1632102322709 121 21099
1632102323333 121 21149
1632102323943 121 21199
1632102325365 121 21227
1632102326355 122 21249
1632102326961 122 21299
1632102327649 122 21349
1632102328213 122 21399
1632102329217 122 21401
1632102330609 123 21449
1632102331268 123 21499
1632102331911 123 21549
1632102333338 123 21575
1632102334457 124 21599
1632102335099 124 21649
1632102335738 124 21699
1632102336428 124 21749
1632102337358 124 21749
1632102338780 125 21799
1632102339447 125 21849
1632102340081 125 21899
1632102341334 125 21923
1632102342368 126 21949
1632102343012 126 21999
1632102343651 126 22049
1632102345420 126 22097
1632102346268 127 22099
1632102346901 127 22149
1632102347541 127 22199
1632102348159 127 22249
1632102349528 127 22271
1632102350665 128 22299
1632102351342 128 22349
1632102351994 128 22399
1632102353722 128 22445
1632102354636 129 22449
1632102355250 129 22499
1632102355885 129 22549
1632102356513 129 22599
1632102357667 129 22619
1632102358819 130 22649
1632102359423 130 22699
1632102360018 130 22749
1632102361475 130 22793
1632102362261 131 22799
1632102362926 131 22849
1632102363544 131 22899
1632102364122 131 22949
1632102365478 131 22967
1632102366735 132 22999
1632102367398 132 23049
1632102368041 132 23099
1632102369616 132 23141
1632102370560 133 23149
1632102371192 133 23199
1632102371869 133 23249
1632102372442 133 23299
1632102373795 133 23315
1632102375107 134 23349
1632102375754 134 23399
1632102376317 134 23449
1632102377819 134 23489
1632102378734 135 23499
1632102379386 135 23549
1632102380008 135 23599
1632102380646 135 23649
1632102381866 135 23663
1632102383207 136 23699
1632102383814 136 23749
1632102384441 136 23799
1632102385914 136 23837
1632102386738 137 23849
1632102387379 137 23899
1632102387992 137 23949
1632102388661 137 23999
1632102389800 137 24011
1632102391068 138 24049
1632102391716 138 24099
1632102392351 138 24149
1632102393776 138 24185
1632102394810 139 24199
1632102395412 139 24249
1632102396053 139 24299
1632102396680 139 24349
1632102397767 139 24359
1632102399013 140 24399
1632102399637 140 24449
1632102400233 140 24499
1632102401591 140 24533
1632102402559 141 24549
1632102403172 141 24599
1632102403827 141 24649
1632102404406 141 24699
1632102405630 141 24707
1632102406975 142 24749
1632102407632 142 24799
1632102408243 142 24849
1632102409652 142 24881
1632102410735 143 24899
1632102411342 143 24949
1632102411941 143 24999
1632102412559 143 25049
1632102413767 143 25055
1632102415022 144 25099
1632102415660 144 25149
1632102416254 144 25199
1632102417778 144 25229
1632102418896 145 25249
1632102419521 145 25299
1632102420190 145 25349
1632102420759 145 25399
1632102421967 145 25403
1632102423279 146 25449
1632102423940 146 25499
1632102424558 146 25549
1632102425938 146 25577
1632102427024 147 25599
1632102427679 147 25649
1632102428312 147 25699
1632102428907 147 25749
1632102429963 147 25751
1632102431354 148 25799
1632102432132 148 25849
1632102432933 148 25899
1632102434251 148 25925
1632102435319 149 25949
1632102435943 149 25999
1632102436548 149 26049
1632102437315 149 26099
1632102438240 149 26099
1632102439622 150 26149
1632102440221 150 26199
1632102440813 150 26249
1632102442290 150 26273
1632102443462 151 26299
1632102444118 151 26349
1632102444810 151 26399
1632102446324 151 26447
1632102447110 152 26449
1632102447802 152 26499
1632102448408 152 26549
1632102449038 152 26599
1632102450459 152 26621
1632102451676 153 26649
1632102452293 153 26699
1632102452865 153 26749
1632102454553 153 26795
1632102455294 154 26799
1632102455957 154 26849
1632102456558 154 26899
1632102457200 154 26949
1632102458579 154 26969
1632102459783 155 26999
1632102460418 155 27049
1632102461036 155 27099
1632102462629 155 27143
1632102463529 156 27149
1632102464119 156 27199
1632102464758 156 27249
1632102465270 156 27299
1632102466469 156 27317
1632102467574 157 27349
1632102468104 157 27399
1632102468739 157 27449
1632102470257 157 27491
1632102471139 158 27499
1632102471789 158 27549
1632102472432 158 27599
1632102473073 158 27649
1632102474425 158 27665
1632102475613 159 27699
1632102476233 159 27749
1632102476859 159 27799
1632102478396 159 27839
1632102479280 160 27849
1632102479841 160 27899
1632102480433 160 27949
1632102481042 160 27999
1632102482404 160 28013
1632102483720 161 28049
1632102484399 161 28099
1632102485036 161 28149
1632102486629 161 28187
1632102487619 162 28199
1632102488270 162 28249
1632102488886 162 28299
1632102489503 162 28349
1632102490674 162 28361
1632102491988 163 28399
1632102492620 163 28449
1632102493269 163 28499
1632102494744 163 28535
1632102495597 164 28549
1632102496263 164 28599
1632102496922 164 28649
1632102497537 164 28699
1632102498822 164 28709
1632102500107 165 28749
1632102500760 165 28799
1632102501337 165 28849
1632102502651 165 28883
1632102503540 166 28899
1632102504155 166 28949
1632102504762 166 28999
1632102505348 166 29049
1632102506729 166 29057
1632102508059 167 29099
1632102508672 167 29149
1632102509295 167 29199
1632102510618 167 29231
1632102511651 168 29249
1632102512275 168 29299
1632102512933 168 29349
1632102513614 168 29399
1632102514820 168 29405
1632102516181 169 29449
1632102516814 169 29499
1632102517488 169 29549
1632102518885 169 29579
1632102519936 170 29599
1632102520642 170 29649
1632102521330 170 29699
1632102521919 170 29749
1632102523027 170 29753
1632102524341 171 29799
1632102524899 171 29849
1632102525507 171 29899
1632102526944 171 29927
1632102528018 172 29949
1632102528680 172 29999
1632102529366 172 30049
1632102529980 172 30099
1632102531157 172 30101
1632102532599 173 30149
1632102533254 173 30199
1632102533898 173 30249
1632102535281 173 30275
1632102536412 174 30299
1632102536995 174 30349
1632102537601 174 30399
1632102538286 174 30449
1632102539140 174 30449
1632102540558 175 30499
1632102541215 175 30549
1632102541882 175 30599
1632102543330 175 30623
1632102544861 176 30649
1632102545494 176 30699
1632102546085 176 30749
1632102547765 176 30797
1632102548532 177 30799
1632102549140 177 30849
1632102549815 177 30899
1632102550438 177 30949
1632102551751 177 30971
1632102552886 178 30999
1632102553463 178 31049
1632102554102 178 31099
1632102555700 178 31145
1632102556465 179 31149
1632102557167 179 31199
1632102557802 179 31249
1632102558440 179 31299
1632102559855 179 31319
1632102561040 180 31349
1632102561724 180 31399
1632102562414 180 31449
1632102564054 180 31493
1632102564939 181 31499
1632102565514 181 31549
1632102566197 181 31599
1632102566827 181 31649
1632102567996 181 31667
1632102569256 182 31699
1632102569900 182 31749
1632102570525 182 31799
1632102572265 182 31841
1632102573195 183 31849
1632102573775 183 31899
1632102574436 183 31949
1632102574953 183 31999
1632102576226 183 32015
1632102577508 184 32049
1632102578142 184 32099
1632102578681 184 32149
1632102580155 184 32189
1632102581075 185 32199
1632102581707 185 32249
1632102582320 185 32299
1632102582961 185 32349
1632102584350 185 32363
1632102585625 186 32399
1632102586291 186 32449
1632102586890 186 32499
1632102588518 186 32537
1632102589513 187 32549
1632102590146 187 32599
1632102590747 187 32649
1632102591357 187 32699
1632102592616 187 32711
1632102593946 188 32749
1632102594532 188 32799
1632102595130 188 32849
1632102596628 188 32885
1632102597609 189 32899
1632102598194 189 32949
1632102598785 189 32999
1632102599397 189 33049
1632102600578 189 33059
1632102601985 190 33099
1632102602580 190 33149
1632102603232 190 33199
1632102604596 190 33233
1632102605705 191 33249
1632102606281 191 33299
1632102606872 191 33349
1632102607528 191 33399
1632102608621 191 33407
1632102609968 192 33449
1632102610598 192 33499
1632102611206 192 33549
1632102612638 192 33581
1632102613636 193 33599
1632102614256 193 33649
1632102614868 193 33699
1632102615513 193 33749
1632102616542 193 33755
1632102617947 194 33799
1632102618551 194 33849
1632102619127 194 33899
1632102620583 194 33929
1632102621624 195 33949
1632102622230 195 33999
1632102622868 195 34049
1632102623487 195 34099
1632102624653 195 34103
1632102626022 196 34149
1632102626669 196 34199
1632102627263 196 34249
1632102628531 196 34277
1632102629579 197 34299
1632102630215 197 34349
1632102630893 197 34399
1632102631490 197 34449
1632102632684 197 34451
1632102634044 198 34499
1632102634664 198 34549
1632102635307 198 34599
1632102636650 198 34625
1632102637731 199 34649
1632102638351 199 34699
1632102638980 199 34749
1632102639650 199 34799
1632102640675 199 34799
1632102641997 200 34849
1632102642624 200 34899
1632102643255 200 34949
1632102644570 200 34973
1632102645741 201 34999
1632102646399 201 35049
1632102647024 201 35099
1632102648692 201 35147
1632102649518 202 35149
1632102650189 202 35199
1632102650809 202 35249
1632102651452 202 35299
1632102652770 202 35321
1632102653871 203 35349
1632102654565 203 35399
1632102655278 203 35449
1632102656980 203 35495
1632102657641 204 35499
1632102658240 204 35549
1632102658897 204 35599
1632102659510 204 35649
1632102660759 204 35669
1632102661999 205 35699
1632102662672 205 35749
1632102663266 205 35799
1632102664971 205 35843
1632102665880 206 35849
1632102666558 206 35899
1632102667156 206 35949
1632102667806 206 35999
1632102669017 206 36017
1632102670295 207 36049
1632102670900 207 36099
1632102671515 207 36149
1632102673232 207 36191
1632102674014 208 36199
1632102674673 208 36249
1632102675346 208 36299
1632102675867 208 36349
1632102677171 208 36365
1632102678389 209 36399
1632102679091 209 36449
1632102679767 209 36499
1632102681384 209 36539
1632102682360 210 36549
1632102683009 210 36599
1632102683669 210 36649
1632102684218 210 36699
1632102685357 210 36713
1632102686537 211 36749
1632102687140 211 36799
1632102687795 211 36849
1632102689391 211 36887
1632102690420 212 36899
1632102691033 212 36949
1632102691676 212 36999
1632102692352 212 37049
1632102693682 212 37061
1632102694960 213 37099
1632102695551 213 37149
1632102696168 213 37199
1632102697637 213 37235
1632102698614 214 37249
1632102699194 214 37299
1632102699810 214 37349
1632102700435 214 37399
1632102701699 214 37409
1632102702966 215 37449
1632102703609 215 37499
1632102704267 215 37549
1632102705705 215 37583
1632102706735 216 37599
1632102707412 216 37649
1632102708081 216 37699
1632102708676 216 37749
1632102709852 216 37757
1632102711243 217 37799
1632102711823 217 37849
1632102712491 217 37899
1632102713814 217 37931
1632102714816 218 37949
1632102715491 218 37999
1632102716134 218 38049
1632102716729 218 38099
1632102717745 218 38105
1632102718899 219 38149
1632102719473 219 38199
1632102720033 219 38249
1632102721458 219 38279
1632102722463 220 38299
1632102723055 220 38349
1632102723683 220 38399
1632102724272 220 38449
1632102725368 220 38453
1632102726666 221 38499
1632102727285 221 38549
1632102727849 221 38599
1632102729247 221 38627
1632102730360 222 38649
1632102730962 222 38699
1632102731536 222 38749
1632102732070 222 38799
1632102733114 222 38801
1632102734531 223 38849
1632102735090 223 38899
1632102735800 223 38949
1632102737183 223 38975
1632102738343 224 38999
1632102739056 224 39049
1632102739644 224 39099
1632102740322 224 39149
1632102741285 224 39149
1632102742590 225 39199
1632102743155 225 39249
1632102743791 225 39299
1632102745092 225 39323
1632102746155 226 39349
1632102746722 226 39399
1632102747296 226 39449
1632102748878 226 39497
1632102749721 227 39499
1632102750281 227 39549
1632102750872 227 39599
1632102751457 227 39649
1632102752809 227 39671
1632102754051 228 39699
1632102754538 228 39749
1632102755097 228 39799
1632102756710 228 39845
1632102757464 229 39849
1632102758034 229 39899
1632102758624 229 39949
1632102759283 229 39999
1632102760459 229 40019
1632102761649 230 40049
1632102762172 230 40099
1632102762745 230 40149
1632102764333 230 40193
1632102765004 231 40199
1632102765566 231 40249
1632102766178 231 40299
1632102766801 231 40349
1632102767904 231 40367
1632102769055 232 40399
1632102769660 232 40449
1632102770288 232 40499
1632102771921 232 40541
1632102773037 233 40549
1632102773706 233 40599
1632102774284 233 40649
1632102774853 233 40699
1632102776119 233 40715
1632102777388 234 40749
1632102777882 234 40799
1632102778481 234 40849
1632102779766 234 40889
1632102780661 235 40899
1632102781270 235 40949
1632102781843 235 40999
1632102782409 235 41049
1632102783400 235 41063
1632102784466 236 41099
1632102785010 236 41149
1632102785542 236 41199
1632102786800 236 41237
1632102787519 237 41249
1632102788026 237 41299
1632102788519 237 41349
1632102789035 237 41399
1632102790182 237 41411
1632102791297 238 41449
1632102791809 238 41499
1632102792306 238 41549
1632102793405 238 41585
1632102794192 239 41599
1632102794724 239 41649
1632102795253 239 41699
1632102795772 239 41749
1632102796788 239 41759
1632102797776 240 41799
1632102798285 240 41849
1632102798780 240 41899
1632102800182 240 41933
1632102800935 241 41949
1632102801481 241 41999
1632102801997 241 42049
1632102802452 241 42099
1632102803239 241 42107
1632102804252 242 42149
1632102804745 242 42199
1632102805234 242 42249
1632102806337 242 42281
1632102807081 243 42299
1632102807580 243 42349
1632102808101 243 42399
1632102808568 243 42449
1632102809400 243 42455
1632102810390 244 42499
1632102810904 244 42549
1632102811415 244 42599
1632102812542 244 42629
1632102813308 245 42649
1632102813810 245 42699
1632102814347 245 42749
1632102814877 245 42799
1632102815694 245 42803
1632102816804 246 42849
1632102817302 246 42899
1632102817733 246 42949
1632102818687 246 42977
1632102819364 247 42999
1632102819881 247 43049
1632102820401 247 43099
1632102820807 247 43149
1632102821691 247 43151
1632102822699 248 43199
1632102823132 248 43249
1632102823623 248 43299
1632102824581 248 43325
1632102825321 249 43349
1632102825815 249 43399
1632102826222 249 43449
1632102826744 249 43499
1632102827400 249 43499
1632102828437 250 43549
1632102828918 250 43599
1632102829374 250 43649
1632102830353 250 43673
1632102831096 251 43699
1632102831587 251 43749
1632102832061 251 43799
1632102833091 251 43847
1632102833665 252 43849
1632102834149 252 43899
1632102834648 252 43949
1632102835105 252 43999
1632102836040 252 44021
1632102836860 253 44049
1632102837354 253 44099
1632102837782 253 44149
1632102838873 253 44195
1632102839467 254 44199
1632102839942 254 44249
1632102840409 254 44299
1632102840908 254 44349
1632102841843 254 44369
1632102842633 255 44399
1632102843131 255 44449
1632102843626 255 44499
1632102844699 255 44543
1632102845277 256 44549
1632102845754 256 44599
1632102846197 256 44649
1632102846689 256 44699
1632102847574 256 44717
1632102848428 257 44749
1632102848888 257 44799
1632102849346 257 44849
1632102850462 257 44891
1632102851091 258 44899
1632102851545 258 44949
1632102852029 258 44999
1632102852449 258 45049
1632102853216 258 45065
1632102854126 259 45099
1632102854559 259 45149
1632102855026 259 45199
1632102856120 259 45239
1632102856812 260 45249
1632102857254 260 45299
1632102857879 260 45349
1632102858471 260 45399
1632102859333 260 45413
1632102860148 261 45449
1632102860642 261 45499
1632102861103 261 45549
1632102862186 261 45587
1632102862888 262 45599
1632102863358 262 45649
1632102863863 262 45699
1632102864304 262 45749
1632102865145 262 45761
1632102866093 263 45799
1632102866577 263 45849
1632102867086 263 45899
1632102868108 263 45935
1632102868808 264 45949
1632102869268 264 45999
1632102869743 264 46049
1632102870196 264 46099
1632102871079 264 46109
1632102872036 265 46149
1632102872511 265 46199
1632102873014 265 46249
1632102874022 265 46283
1632102874731 266 46299
1632102875098 266 46349
1632102875476 266 46399
1632102875845 266 46449
1632102876602 266 46457
1632102877629 267 46499
1632102878115 267 46549
1632102878648 267 46599
1632102879697 267 46631
1632102880428 268 46649
1632102880932 268 46699
1632102881444 268 46749
1632102881867 268 46799
1632102882805 268 46805
1632102883811 269 46849
1632102884303 269 46899
1632102884826 269 46949
1632102885897 269 46979
1632102886614 270 46999
1632102887130 270 47049
1632102887635 270 47099
1632102888064 270 47149
1632102888958 270 47153
1632102889891 271 47199
1632102890405 271 47249
1632102890915 271 47299
1632102892013 271 47327
1632102892814 272 47349
1632102893336 272 47399
1632102893869 272 47449
1632102894350 272 47499
1632102895131 272 47501
1632102896204 273 47549
1632102896658 273 47599
1632102897143 273 47649
1632102898196 273 47675
1632102899044 274 47699
1632102899548 274 47749
1632102900036 274 47799
1632102900575 274 47849
1632102901251 274 47849
1632102902401 275 47899
1632102902887 275 47949
1632102903343 275 47999
1632102904326 275 48023
1632102905101 276 48049
1632102905568 276 48099
1632102906062 276 48149
1632102907284 276 48197
1632102907866 277 48199
1632102908367 277 48249
1632102908830 277 48299
1632102909370 277 48349
1632102910354 277 48371
1632102911108 278 48399
1632102911638 278 48449
1632102912089 278 48499
1632102913284 278 48545
1632102913905 279 48549
1632102914407 279 48599
1632102914904 279 48649
1632102915419 279 48699
1632102916376 279 48719
1632102917257 280 48749
1632102917744 280 48799
1632102918229 280 48849
1632102919441 280 48893
1632102920075 281 48899
1632102920525 281 48949
1632102920988 281 48999
1632102921460 281 49049
1632102922500 281 49067
1632102923303 282 49099
1632102923785 282 49149
1632102924325 282 49199
1632102925546 282 49241
1632102926145 283 49249
1632102926635 283 49299
1632102927086 283 49349
1632102927540 283 49399
1632102928321 283 49415
1632102929201 284 49449
1632102929623 284 49499
1632102930089 284 49549
1632102931217 284 49589
1632102931870 285 49599
1632102932362 285 49649
1632102932859 285 49699
1632102933278 285 49749
1632102934223 285 49763
1632102935046 286 49799
1632102935550 286 49849
1632102936043 286 49899
1632102937205 286 49937
1632102937831 287 49949
1632102938324 287 49999
1632102938754 287 50049
1632102939270 287 50099
1632102940264 287 50111
1632102941383 288 50149
1632102941887 288 50199
1632102942365 288 50249
1632102943540 288 50285
1632102944197 289 50299
1632102944693 289 50349
1632102945186 289 50399
1632102945662 289 50449
1632102946578 289 50459
1632102947451 290 50499
1632102947971 290 50549
1632102948463 290 50599
1632102949544 290 50633
1632102950233 291 50649
1632102950737 291 50699
1632102951189 291 50749
1632102951664 291 50799
1632102952462 291 50807
1632102953485 292 50849
1632102953985 292 50899
1632102954502 292 50949
1632102955529 292 50981
1632102956284 293 50999
1632102956787 293 51049
1632102957305 293 51099
1632102957793 293 51149
1632102958569 293 51155
1632102959516 294 51199
1632102960027 294 51249
1632102960554 294 51299
1632102961511 294 51329
1632102962206 295 51349
1632102962688 295 51399
1632102963196 295 51449
1632102963634 295 51499
1632102964572 295 51503
1632102965630 296 51549
1632102966099 296 51599
1632102966577 296 51649
1632102967607 296 51677
1632102968334 297 51699
1632102968826 297 51749
1632102969327 297 51799
1632102969749 297 51849
1632102970576 297 51851
1632102971545 298 51899
1632102972054 298 51949
1632102972566 298 51999
1632102973491 298 52025
1632102974271 299 52049
1632102974725 299 52099
1632102975183 299 52149
1632102975770 299 52199
1632102976360 299 52199
1632102977301 300 52249
1632102977724 300 52299
1632102978228 300 52349
1632102979142 300 52373
1632102979932 301 52399
1632102980370 301 52449
1632102980820 301 52499
1632102981994 301 52547
1632102982575 302 52549
1632102983065 302 52599
1632102983485 302 52649
1632102983941 302 52699
1632102984825 302 52721
1632102985639 303 52749
1632102986112 303 52799
1632102986592 303 52849
1632102987726 303 52895
1632102988361 304 52899
1632102988848 304 52949
1632102989334 304 52999
1632102989829 304 53049
1632102990681 304 53069
1632102991492 305 53099
1632102991952 305 53149
1632102992492 305 53199
1632102993696 305 53243
1632102994334 306 53249
1632102994839 306 53299
1632102995299 306 53349
1632102995726 306 53399
1632102996695 306 53417
1632102997504 307 53449
1632102998018 307 53499
1632102998533 307 53549
1632102999763 307 53591
1632103000357 308 53599
1632103000868 308 53649
1632103001335 308 53699
1632103001804 308 53749
1632103002806 308 53765
1632103003592 309 53799
1632103004076 309 53849
1632103004572 309 53899
1632103005804 309 53939
1632103006622 309 53940
